10.1460740864779
0.536216125044913
-1.39814980478297
-0.355659395423908
-0.0885932255138389
1.1551874448592
-2.28620556314894
-1.9443657683693
-2.4972253051955
1.59993351294499
-0.715409777962629
0.745047717379146
-0.816783700138766
-0.969874309265031
0.040838521816517
-0.64626253874898
-1.53554939158222
0.939578415091849
0.742111962064066
1.33168053688157
0.536216125044913
12.2256572598941
0.000389042732699013
1.35469925677976
1.80086404916027
-0.334693278282663
0.234333469434789
-1.54405575309764
0.166702498196408
-0.354805849597882
-0.27330748921079
-0.307002288886474
-1.89908031208451
-0.100737507439114
1.1523621313953
-0.155522909932338
-0.856438031461915
-2.76197164312297
1.10207177238064
-0.253019388750836
-1.39814980478297
0.000389042732699124
7.23929412001074
0.92917392842884
-0.665171544958812
0.349558916354078
-1.01076614469969
0.14263814548676
1.20144551917158
0.678144070558804
-0.778376423297914
3.14866983138891
-0.577211120708111
0.451523077024717
-0.0689358749843338
0.566461598121102
-1.74988284370479
-0.839862991260951
-1.26701297737418
0.654158126741536
-0.355659395423908
1.35469925677976
0.92917392842884
12.6084181376549
0.85952536563661
-1.82143986733395
-0.285901573205202
1.85514387455905
0.331823950943105
-1.05532095152339
-1.31641510336511
-0.246127061576329
1.7532570388276
-0.56270170142769
-1.50336668331074
-0.330437658787774
-2.63210967572439
1.7061166292629
0.718913507332787
-0.981341307205239
-0.088593225513839
1.80086404916026
-0.665171544958812
0.85952536563661
12.1640654610724
-2.25399933467514
0.0595237962609544
0.659389118119183
0.477254665886598
0.308051296139041
-0.0603667175421612
1.02500290281198
-1.7745566528852
0.175489723881442
1.1966812387244
0.528558140692612
1.37787687108502
0.152104936211444
1.40450296263494
-1.21301989531602
1.1551874448592
-0.334693278282663
0.349558916354078
-1.82143986733395
-2.25399933467514
8.37564194228428
-0.360956044309663
1.19582245180717
-0.666638167615894
1.70375665526442
-0.717338484078256
0.927243593929725
-0.29915861062935
-2.17278467789273
-1.21024635041956
2.29269518435319
-1.75152231176091
-1.35992570744647
1.75405317739752
-0.338534783945764
-2.28620556314894
0.234333469434789
-1.01076614469969
-0.285901573205202
0.0595237962609544
-0.360956044309663
10.794594218134
-0.413500235167475
-0.672563998464414
0.575690023006283
-0.944902635076157
0.073146750475815
-0.568190465245407
0.880127851517778
-0.926801361932245
1.9883155456306
0.462914887527905
-0.931171972665629
-2.7691208383945
-1.30731092918014
-1.9443657683693
-1.54405575309764
0.14263814548676
1.85514387455905
0.659389118119183
1.19582245180717
-0.413500235167475
10.128619740556
-0.170709582359847
-0.38289897133473
-0.0410091063994834
0.134070590152573
1.53936886542689
-0.000245496214858421
0.876072120588725
-2.39736072883198
0.116496159293066
-1.31657751003659
0.6625638845968
-1.08783862096826
-2.4972253051955
0.166702498196408
1.20144551917158
0.331823950943104
0.477254665886598
-0.666638167615894
-0.672563998464414
-0.170709582359848
9.90700123946014
-2.72414665400772
-0.417124378596443
-0.498862936339142
-0.801576268161833
-2.42701011556652
-0.956874424166303
0.105388415937451
3.17664098484909
3.26662594676328
0.960333293825626
-0.780902877004185
1.59993351294499
-0.354805849597882
0.678144070558804
-1.05532095152339
0.308051296139041
1.70375665526442
0.575690023006283
-0.38289897133473
-2.72414665400772
9.2882864089931
-0.371451378377166
0.124298371323329
1.49280050031433
-1.49184000995021
0.372312793273983
2.11214489852551
0.0283813358287156
0.0711249170676558
0.538670936735872
1.00518854255737
-0.715409777962628
-0.27330748921079
-0.778376423297914
-1.31641510336511
-0.0603667175421614
-0.717338484078256
-0.944902635076157
-0.041009106399484
-0.417124378596443
-0.371451378377166
11.8341613095231
-0.747784694223498
-1.18380042012838
1.03132822148655
0.451795198845372
-0.937948837983329
-0.281453972082253
1.58211360362626
0.557549537388653
0.252770312018367
0.745047717379146
-0.307002288886473
3.14866983138891
-0.246127061576329
1.02500290281198
0.927243593929725
0.0731467504758148
0.134070590152574
-0.498862936339142
0.124298371323329
-0.747784694223498
11.8304947953949
2.31459723717376
0.308518790845042
0.105946049207957
-0.425521553740755
0.0895193341950242
0.0728245369728577
0.150270300842778
1.20155311533513
-0.816783700138765
-1.89908031208451
-0.577211120708111
1.7532570388276
-1.7745566528852
-0.29915861062935
-0.568190465245407
1.53936886542689
-0.801576268161833
1.49280050031433
-1.18380042012838
2.31459723717376
10.6800755082193
-1.46437772450987
0.324261228778881
-1.13053330320972
-0.47241195247496
-1.04424633885383
-0.0147508135818695
-1.09941847246139
-0.969874309265031
-0.100737507439114
0.451523077024717
-0.56270170142769
0.175489723881442
-2.17278467789273
0.880127851517778
-0.000245496214857921
-2.42701011556652
-1.49184000995021
1.03132822148655
0.308518790845042
-1.46437772450987
9.73089514593515
1.04552807038694
-0.567282128808094
-2.37583028045678
-0.335046084044455
-0.555614198933223
-1.18281791498525
0.040838521816517
1.1523621313953
-0.0689358749843338
-1.50336668331074
1.1966812387244
-1.21024635041956
-0.926801361932244
0.876072120588725
-0.956874424166303
0.372312793273983
0.451795198845372
0.105946049207957
0.324261228778881
1.04552807038694
14.3752035352166
2.72379225784901
0.545293233560616
0.463979816922422
-4.23426302011625
-0.20167579864392
-0.646262538748979
-0.155522909932338
0.566461598121102
-0.330437658787774
0.528558140692612
2.29269518435319
1.9883155456306
-2.39736072883198
0.105388415937451
2.11214489852551
-0.937948837983329
-0.425521553740755
-1.13053330320972
-0.567282128808095
2.72379225784901
8.91062981345735
0.424838952610784
-1.26802020407476
-1.66444073792644
0.630523365680045
-1.53554939158222
-0.856438031461915
-1.74988284370479
-2.63210967572439
1.37787687108502
-1.75152231176091
0.462914887527906
0.116496159293066
3.17664098484909
0.0283813358287152
-0.281453972082253
0.0895193341950242
-0.47241195247496
-2.37583028045678
0.545293233560616
0.424838952610784
12.9009519248631
-0.062071472733624
-0.142050481334353
1.86566670893892
0.939578415091849
-2.76197164312297
-0.839862991260951
1.7061166292629
0.152104936211444
-1.35992570744647
-0.931171972665629
-1.31657751003659
3.26662594676328
0.0711249170676564
1.58211360362626
0.0728245369728572
-1.04424633885383
-0.335046084044454
0.463979816922423
-1.26802020407476
-0.0620714727336236
9.78789781624311
-2.47813185891783
-1.47426121657006
0.742111962064066
1.10207177238064
-1.26701297737418
0.718913507332787
1.40450296263494
1.75405317739752
-2.7691208383945
0.6625638845968
0.960333293825626
0.538670936735872
0.557549537388653
0.150270300842778
-0.0147508135818692
-0.555614198933224
-4.23426302011625
-1.66444073792644
-0.142050481334353
-2.47813185891783
10.0602715970871
1.71805686039124
1.33168053688157
-0.253019388750836
0.654158126741536
-0.981341307205239
-1.21301989531602
-0.338534783945765
-1.30731092918014
-1.08783862096826
-0.780902877004186
1.00518854255737
0.252770312018367
1.20155311533513
-1.09941847246139
-1.18281791498525
-0.20167579864392
0.630523365680045
1.86566670893892
-1.47426121657006
1.71805686039124
7.0117659395226
