3.185290
0.168341
-0.438940
-0.111657
-0.027813
0.362663
-0.717739
-0.610420
-0.783987
0.502288
-0.224598
0.233903
-0.256424
-0.304485
0.012821
-0.202890
-0.482075
0.294974
0.232981
0.418072
0.000000
3.492466
0.021269
0.393274
0.516983
-0.113314
0.101693
-0.412687
0.085521
-0.125803
-0.067430
-0.099179
-0.531405
-0.014168
0.329339
-0.034751
-0.221988
-0.805055
0.304327
-0.092599
0.000000
0.000000
2.654463
0.328428
-0.259328
0.192565
-0.500279
-0.043897
0.322289
0.339539
-0.329832
1.225652
-0.255593
0.119864
-0.026489
0.180128
-0.737160
-0.261169
-0.441227
0.316311
0.000000
0.000000
0.000000
3.511897
0.210221
-0.512437
-0.068832
0.559157
0.029843
-0.302195
-0.343589
-0.166162
0.574492
-0.179531
-0.462074
-0.113495
-0.671014
0.609766
0.219299
-0.285353
0.000000
0.000000
0.000000
0.000000
3.432867
-0.590663
-0.037368
0.211728
0.142313
0.156906
-0.013126
0.418181
-0.493469
0.070836
0.325397
0.178117
0.416307
0.110868
0.318430
-0.294653
0.000000
0.000000
0.000000
0.000000
0.000000
2.753674
-0.018209
0.650216
-0.121777
0.501069
-0.277387
0.274911
-0.077803
-0.776128
-0.441977
0.862375
-0.565735
-0.410318
0.758794
-0.320235
0.000000
0.000000
0.000000
0.000000
0.000000
0.000000
3.164231
-0.244412
-0.340547
0.351759
-0.408772
0.276047
-0.254841
0.220954
-0.313516
0.616545
-0.085402
-0.230579
-0.888928
-0.276866
0.000000
0.000000
0.000000
0.000000
0.000000
0.000000
0.000000
2.956986
-0.220055
-0.073514
0.018579
0.061823
0.312437
0.154667
0.479840
-0.984764
0.112375
-0.552661
0.003489
-0.167222
0.000000
0.000000
0.000000
0.000000
0.000000
0.000000
0.000000
0.000000
2.996800
-0.760047
-0.212865
-0.205380
-0.283373
-0.898658
-0.351698
-0.010825
0.981979
1.123472
0.332939
-0.222503
0.000000
0.000000
0.000000
0.000000
0.000000
0.000000
0.000000
0.000000
0.000000
2.798403
-0.048079
-0.330208
0.653511
-0.645808
0.116251
0.484802
0.462019
0.420670
0.290108
0.254642
0.000000
0.000000
0.000000
0.000000
0.000000
0.000000
0.000000
0.000000
0.000000
0.000000
3.355615
-0.065838
-0.396671
0.175998
-0.004557
-0.128909
-0.249017
0.530595
0.147889
0.032431
0.000000
0.000000
0.000000
0.000000
0.000000
0.000000
0.000000
0.000000
0.000000
0.000000
0.000000
3.122513
1.005875
-0.022882
0.031853
-0.285874
0.418950
0.292791
0.249962
0.319621
0.000000
0.000000
0.000000
0.000000
0.000000
0.000000
0.000000
0.000000
0.000000
0.000000
0.000000
0.000000
2.801415
-0.418873
0.159968
-0.197567
-0.341337
-0.613037
-0.118338
-0.543785
0.000000
0.000000
0.000000
0.000000
0.000000
0.000000
0.000000
0.000000
0.000000
0.000000
0.000000
0.000000
0.000000
2.734893
0.157538
0.087028
-0.707039
0.231115
0.289155
-0.566123
0.000000
0.000000
0.000000
0.000000
0.000000
0.000000
0.000000
0.000000
0.000000
0.000000
0.000000
0.000000
0.000000
0.000000
3.637849
1.002084
0.074757
0.378414
-1.167445
-0.080803
0.000000
0.000000
0.000000
0.000000
0.000000
0.000000
0.000000
0.000000
0.000000
0.000000
0.000000
0.000000
0.000000
0.000000
0.000000
2.305072
0.323840
-0.758323
-0.254655
0.412107
0.000000
0.000000
0.000000
0.000000
0.000000
0.000000
0.000000
0.000000
0.000000
0.000000
0.000000
0.000000
0.000000
0.000000
0.000000
0.000000
2.995025
-0.412183
-0.038382
0.429615
0.000000
0.000000
0.000000
0.000000
0.000000
0.000000
0.000000
0.000000
0.000000
0.000000
0.000000
0.000000
0.000000
0.000000
0.000000
0.000000
0.000000
2.224795
-1.362858
-0.593671
0.000000
0.000000
0.000000
0.000000
0.000000
0.000000
0.000000
0.000000
0.000000
0.000000
0.000000
0.000000
0.000000
0.000000
0.000000
0.000000
0.000000
0.000000
2.130639
0.551544
0.000000
0.000000
0.000000
0.000000
0.000000
0.000000
0.000000
0.000000
0.000000
0.000000
0.000000
0.000000
0.000000
0.000000
0.000000
0.000000
0.000000
0.000000
0.000000
2.121699
